15486 32325 11520 7885 220 24568 28597 17022 26775 28062 
16518 2569 28220 10520 1306 17030 28759 25942 14576 23691 
13297 20174 9215 22597 28758 22566 25753 14279 18460 24372 
20629 27553 21344 7721 29101 28085 8019 15625 8485 32326 
18166 5983 1710 14162 2337 2606 32393 27170 32714 24106 
10991 31519 23684 8744 13489 12263 20038 2516 32540 9120 
29806 9378 21279 21901 773 263 17840 1502 31813 4072 
23915 21709 9048 23635 15228 22502 3171 27501 19392 6566 
28099 22699 16423 14152 5783 581 23389 4316 11902 23016 
20137 16281 8866 11692 12053 18036 25589 32069 17871 12530 
23226 12157 16335 5178 13128 15330 186 9838 26634 7355 
7430 24635 11467 7489 16224 23727 7984 22540 32074 27467 
24710 31180 24329 2138 31934 7225 7870 12161 17078 19789 
25299 15510 29115 5808 30616 20149 24651 6516 19502 24977 
31 4610 13989 4361 25449 22612 17249 15100 10074 12389 
5058 29533 26599 32486 4100 32394 8397 13875 28771 17881 
8146 3973 24963 31348 27726 25705 18448 23144 18411 15473 
26529 19448 11433 25385 28899 17207 27685 6732 15091 9686 
21530 15416 11275 8506 31784 25248 5473 9937 8404 25985 
1612 679 12241 18007 23209 16436 27006 23440 2173 20857 
